20201104_175012.jpg 4 0 0 4 1 0 3
20201104_175019.jpg 4 5 1 6 2 2 4
20201104_175025.jpg 4 5 1 2 2 1 3
20201104_175030.jpg 4 5 1 6 2 1 2
20201104_175035.jpg 4 0 1 2 0 0 1
20201104_175039.jpg 2 0 1 4 1 2 L
20201104_175043.jpg 2 5 0 2 0 0 L
20201104_175047.jpg 3 4 1 2 2 0 1
20201104_175053.jpg 4 0 0 4 1 2 L
20201104_175058.jpg 4 5 1 2 0 2 0
20201104_175102.jpg 4 5 0 2 1 0 4
20201104_175105.jpg 2 2 0 2 0 2 L
20201104_175130.jpg 4 0 1 6 2 2 6
20201104_175133.jpg 4 5 0 0 1 2 L
20201104_175138.jpg 4 0 1 2 0 2 L
20201104_175142.jpg 4 0 0 4 0 2 4
20201104_175148.jpg 4 4 1 2 1 0 L
